              precision    recall  f1-score   support

           1       1.00      1.00      1.00         1
           2       1.00      1.00      1.00         1
           3       1.00      1.00      1.00         2
           4       1.00      1.00      1.00         2
           5       1.00      1.00      1.00         1
           6       1.00      1.00      1.00         2
           7       1.00      1.00      1.00         2
           8       1.00      1.00      1.00         1
           9       1.00      1.00      1.00         2
          10       1.00      1.00      1.00         2
          11       0.67      1.00      0.80         2
          12       1.00      1.00      1.00         2
          13       1.00      1.00      1.00         2
          14       1.00      0.50      0.67         2
          15       1.00      1.00      1.00         2
          16       1.00      1.00      1.00         2
          17       1.00      1.00      1.00         1
          18       0.67      1.00      0.80         2
          19       1.00      1.00      1.00         1
          20       1.00      1.00      1.00         2
          21       1.00      1.00      1.00         2
          22       1.00      1.00      1.00         2
          23       1.00      1.00      1.00         2
          24       1.00      1.00      1.00         2
          25       1.00      1.00      1.00         1
          26       1.00      1.00      1.00         1
          27       1.00      1.00      1.00         1
          28       1.00      1.00      1.00         2
          29       1.00      1.00      1.00         2
          30       1.00      1.00      1.00         2
          31       1.00      1.00      1.00         2
          32       1.00      1.00      1.00         2
          33       1.00      1.00      1.00         2
          34       0.00      0.00      0.00         0
          35       1.00      1.00      1.00         1
          36       1.00      1.00      1.00         1
          37       1.00      1.00      1.00         2
          38       1.00      1.00      1.00         1
          39       1.00      1.00      1.00         2
          40       1.00      0.50      0.67         2

   micro avg       0.97      0.97      0.97        66
   macro avg       0.96      0.95      0.95        66
weighted avg       0.98      0.97      0.97        66

acc: 0.9696969696969697
loss: 0.030303030303030304
