              precision    recall  f1-score   support

           1       1.00      1.00      1.00         2
           2       1.00      1.00      1.00         2
           3       1.00      1.00      1.00         2
           4       1.00      1.00      1.00         2
           5       1.00      1.00      1.00         2
           6       1.00      1.00      1.00         2
           7       1.00      1.00      1.00         2
           8       1.00      1.00      1.00         2
           9       1.00      1.00      1.00         2
          10       1.00      1.00      1.00         2
          11       1.00      1.00      1.00         2
          12       1.00      1.00      1.00         2
          13       1.00      1.00      1.00         2
          14       1.00      1.00      1.00         1
          15       1.00      1.00      1.00         2
          16       1.00      1.00      1.00         1
          17       1.00      1.00      1.00         2
          18       1.00      1.00      1.00         2
          19       1.00      1.00      1.00         2
          20       1.00      1.00      1.00         2
          21       1.00      1.00      1.00         2
          22       1.00      1.00      1.00         2
          23       1.00      1.00      1.00         1
          24       1.00      1.00      1.00         2
          25       1.00      1.00      1.00         2
          26       1.00      1.00      1.00         1
          27       1.00      1.00      1.00         2
          28       1.00      0.50      0.67         2
          29       1.00      1.00      1.00         2
          30       1.00      1.00      1.00         2
          31       0.67      1.00      0.80         2
          32       1.00      1.00      1.00         2
          33       1.00      1.00      1.00         1
          34       0.00      0.00      0.00         1
          35       0.00      0.00      0.00         0
          36       1.00      1.00      1.00         2
          37       0.50      1.00      0.67         1
          38       1.00      1.00      1.00         2
          39       1.00      1.00      1.00         2
          40       1.00      1.00      1.00         2

   micro avg       0.97      0.97      0.97        71
   macro avg       0.93      0.94      0.93        71
weighted avg       0.97      0.97      0.97        71

acc: 0.971830985915493
loss: 0.028169014084507043
