              precision    recall  f1-score   support

           1       1.00      1.00      1.00         1
           2       1.00      1.00      1.00         1
           3       1.00      1.00      1.00         2
           4       1.00      1.00      1.00         2
           5       1.00      1.00      1.00         2
           6       1.00      1.00      1.00         2
           7       1.00      1.00      1.00         2
           8       1.00      1.00      1.00         2
           9       1.00      1.00      1.00         1
          10       1.00      1.00      1.00         2
          11       1.00      1.00      1.00         2
          12       0.67      1.00      0.80         2
          13       1.00      1.00      1.00         2
          14       1.00      1.00      1.00         2
          15       1.00      1.00      1.00         2
          16       1.00      1.00      1.00         1
          17       1.00      1.00      1.00         1
          18       1.00      1.00      1.00         2
          19       1.00      1.00      1.00         2
          20       1.00      1.00      1.00         2
          21       1.00      1.00      1.00         2
          22       1.00      1.00      1.00         2
          23       1.00      1.00      1.00         2
          24       0.67      1.00      0.80         2
          25       1.00      1.00      1.00         2
          26       0.00      0.00      0.00         1
          27       1.00      1.00      1.00         2
          28       1.00      1.00      1.00         2
          29       1.00      1.00      1.00         2
          30       1.00      1.00      1.00         1
          31       1.00      1.00      1.00         2
          32       1.00      1.00      1.00         2
          33       1.00      1.00      1.00         2
          34       1.00      1.00      1.00         1
          35       1.00      1.00      1.00         1
          36       1.00      0.50      0.67         2
          37       1.00      1.00      1.00         2
          38       1.00      1.00      1.00         2
          39       1.00      1.00      1.00         1
          40       1.00      1.00      1.00         2

    accuracy                           0.97        70
   macro avg       0.96      0.96      0.96        70
weighted avg       0.97      0.97      0.96        70

acc: 0.9714285714285714
loss: 0.02857142857142857
